38 70 100 66
58 110 164 81
26 41 66 18
61 74 134 51
====================
70 47 47 87
134 88 78 160
36 12 24 78
62 57 62 103
====================
153 182 62 98
41 36 19 21
92 116 84 50
115 124 15 79
====================
21 102 35 94
51 231 63 207
38 171 42 155
34 149 28 142
====================
180 146 107 37
175 136 82 50
151 107 85 30
185 146 114 41
====================
36 115 124 123
69 124 154 177
113 141 192 199
19 79 70 60
====================
42 54 102 54
26 28 46 20
67 68 134 64
74 22 85 46
====================
180 124 81 92
147 98 63 67
114 80 51 48
31 22 24 44
====================
84 129 73 115
84 120 37 68
84 130 80 140
84 141 77 95
====================
88 45 164 91
62 19 107 71
110 55 185 101
44 23 78 41
====================
117 124 167 108
40 84 72 75
111 138 165 121
95 84 117 82
====================
132 138 115 93
128 113 144 137
120 105 87 114
92 89 56 69
====================
146 35 146 72
169 114 183 107
140 110 140 96
115 19 107 69
====================
214 84 150 195
255 51 203 195
112 27 79 51
99 49 57 113
====================
96 67 67 90
53 37 45 35
152 76 54 83
131 95 99 129
====================
114 59 109 105
189 60 145 166
182 72 158 160
147 41 112 129
====================
